0.005 5.627 261.186 225.000 70.000
0.006 5.506 264.634 240.000 70.000
0.004 6.383 190.502 285.000 110.000
0.005 6.295 230.154 282.000 110.000
0.007 6.654 112.922 114.000 30.000
0.012 6.362 143.092 91.000 30.000
0.012 6.515 135.334 105.000 40.000
0.016 6.268 154.298 104.000 30.000
0.022 7.750 93.100 70.000 35.000
0.024 8.062 88.200 63.000 35.000
0.030 7.667 99.960 77.000 35.000
0.029 7.716 105.840 66.000 35.000
0.030 8.317 91.140 77.000 35.000
0.010 11.752 100.659 118.000 20.000
0.009 11.993 101.790 118.000 20.000